klad1_state 1
level 6
lives 5
hasKey 0
bonusLifeGranted 0
enemiesEnabled 0
keyGold 6
goldCollected 0
player 71.187 62.832 1 0.000
key 0
gold 1 288.000 44.000 0
gold 2 352.000 44.000 0
gold 3 416.000 44.000 0
gold 4 704.000 66.000 0
gold 5 224.000 154.000 0
gold 6 544.000 198.000 0
door 576.000 198.000 0
gate 896.000 352.000 0
brick 224.000 22.000 0 0 0 0
brick 608.000 66.000 0 0 0 0
brick 640.000 66.000 0 0 0 0
brick 672.000 66.000 0 0 0 0
brick 576.000 110.000 0 0 0 0
brick 512.000 198.000 0 0 0 0
brick 704.000 220.000 0 0 0 0
brick 544.000 264.000 0 0 0 0
brick 576.000 264.000 0 0 0 0
brick 544.000 308.000 0 0 0 0
brick 576.000 308.000 0 0 0 0
brick 704.000 308.000 0 0 0 0
brick 544.000 352.000 0 0 0 0
brick 576.000 352.000 0 0 0 0
brick 544.000 396.000 0 0 0 0
brick 576.000 396.000 0 0 0 0
brick 928.000 396.000 0 0 0 0
brick 640.000 440.000 0 0 0 0
